0	0.000000000000000E+00
1	0.000000000000000E+00
2	1.57802201321E-010
3	7.42567794523333E-011
4	4.18303068005E-011
5	2.64543049291333E-011
6	1.81419498442381E-011
7	1.32070313113214E-011
8	1.006095062175E-011
9	7.94473887244445E-012
10	6.45511620049091E-012
11	5.36783952695455E-012
12	4.54926789057692E-012
13	3.91732443592308E-012
14	3.4180528576E-012
15	3.016714390175E-012
16	2.68837175313235E-012
17	2.41635705186928E-012
18	2.18662200674854E-012
19	1.99441532354737E-012
20	1.82870615070476E-012
21	1.6854440835974E-012
22	1.56073828641502E-012
23	1.45127923641304E-012
24	1.35475949199667E-012
25	1.26901012201846E-012
26	1.19255216908262E-012
27	1.1239089439709E-012
28	1.06210594581773E-012
29	1.00617631026207E-012
30	9.554495476E-013
31	9.09161726125E-013
32	8.66853485725379E-013
33	8.28126075714795E-013
34	7.92473358559664E-013
35	7.59617168239683E-013
36	7.2921744068018E-013
37	7.01115901426743E-013
38	6.7499726554251E-013
39	6.50672180365385E-013
40	6.2801204315122E-013
41	6.06827272865273E-013
42	5.87022077819491E-013
43	5.68442307039112E-013
44	5.51016319624242E-013
45	5.34586769395169E-013
46	5.19161998083256E-013
47	5.0457655093883E-013
48	4.90847145151361E-013
49	4.77829838256327E-013
50	4.65522438283137E-013
51	4.53848791562594E-013
52	4.42809542903483E-013
53	4.32292815204053E-013
54	4.2230621870303E-013
55	4.12813440761039E-013
56	4.03741903945489E-013
57	3.95122276061706E-013
58	3.86906144794857E-013
59	3.79050020910734E-013
60	3.71549130087978E-013
61	3.64364944983607E-013
62	3.57478825253968E-013
63	3.50889101318948E-013
64	3.4459344928125E-013
65	3.38559705609324E-013
66	3.32772958091361E-013
67	3.27219359055751E-013
68	3.21886034654305E-013
69	3.16761003084886E-013
70	3.11833100757344E-013
71	3.07091915530125E-013
72	3.02527726251522E-013
73	2.98131447931877E-013
74	2.93894581953153E-013
75	2.8980917079193E-013
76	2.8586775679255E-013
77	2.82073806094239E-013
78	2.783995634148E-013
79	2.74859536002848E-013
80	2.71437487789506E-013
81	2.68118524227943E-013
82	2.64925905706436E-013
83	2.61826427748422E-013
84	2.58824998578151E-013
85	2.55925916942544E-013
86	2.53116133575782E-013
87	2.50391831967085E-013
88	2.47749401842186E-013
89	2.45185425777528E-013
90	2.42696666824176E-013
91	2.40280057054945E-013
92	2.37932686956522E-013
93	2.35651795595745E-013
94	2.33434761495857E-013
95	2.31279094164474E-013
96	2.29175678813359E-013
97	2.27135896366085E-013
98	2.25150714921047E-013
99	2.2321174799798E-013
100	2.21323650471089E-013
101	2.19478460303242E-013
102	2.17680736901961E-013
103	2.15928775326923E-013
104	2.14215194543956E-013
105	2.12538766509075E-013
106	2.10903854138071E-013
107	2.09309021424714E-013
108	2.07747558039585E-013
109	2.06218441918932E-013
110	2.04720691865848E-013
111	2.03253365545689E-013
112	2.01815557597503E-013
113	2.0040152036159E-013
114	1.99020256994966E-013
115	1.97661288228186E-013
116	1.96328710907162E-013
117	1.95017222638998E-013
118	1.93730804072354E-013
119	1.92464352777871E-013
120	1.91217410220799E-013
121	1.89989531702886E-013
122	1.88780285848594E-013
123	1.87593373695122E-013
124	1.86420083984E-013
125	1.85260220184508E-013
126	1.84121440930384E-013
127	1.82995455685901E-013
128	1.81882083181444E-013
129	1.80784890829338E-013
130	1.79699840336113E-013
131	1.78623126924936E-013
132	1.77561903195603E-013
133	1.76512312547301E-013
134	1.75470716643449E-013
135	1.74440527992484E-013
136	1.73418210173358E-013
137	1.72407071297895E-013
138	1.71403673032635E-013
139	1.704079953963E-013
140	1.69416831864438E-013
141	1.68436566356808E-013
142	1.67463940231163E-013
143	1.66495869530109E-013
144	1.65532445243582E-013
145	1.64576718760227E-013
146	1.63625717636474E-013
147	1.62679513879665E-013
148	1.61738173059586E-013
149	1.60801754673199E-013
150	1.59870312488918E-013
151	1.58938419805943E-013
152	1.58014439845373E-013
153	1.57092968302351E-013
154	1.5617414032987E-013
155	1.55258082905128E-013
156	1.54344915239915E-013
157	1.53432216240023E-013
158	1.52522687384842E-013
159	1.51616425053145E-013
160	1.50713519357919E-013
161	1.49811645447128E-013
162	1.4890621159282E-013
163	1.48006952206344E-013
164	1.47109199631338E-013
165	1.46210802424169E-013
166	1.45314244547868E-013
167	1.4441741292572E-013
168	1.43520506743519E-013
169	1.42628089882283E-013
170	1.41733705746474E-013
171	1.40839741279478E-013
172	1.39946362269929E-013
173	1.39053726716697E-013
174	1.38161985165123E-013
175	1.37269241032662E-013
176	1.36377717002568E-013
177	1.35483553397575E-013
178	1.34592922578871E-013
179	1.33700023032092E-013
180	1.32808951065378E-013
181	1.31915994364277E-013
182	1.31025148253048E-013
183	1.30130905032431E-013
184	1.29239069374794E-013
185	1.28346067590991E-013
186	1.27453897388592E-013
187	1.26560897404597E-013
188	1.25665476317404E-013
189	1.24773108899861E-013
190	1.2387865312334E-013
191	1.2298574694519E-013
192	1.22092791427137E-013
193	1.21196574958282E-013
194	1.20302322202696E-013
195	1.19408469787807E-013
196	1.18515144480317E-013
197	1.17622467801877E-013
198	1.16725772319831E-013
199	1.15831627931859E-013
200	1.14938529339602E-013
201	1.14045030106497E-013
202	1.13151272752378E-013
203	1.12255877086304E-013
204	1.11363526594644E-013
205	1.10471284102439E-013
206	1.09579272038647E-013
207	1.0868760809332E-013
208	1.07793514706478E-013
209	1.06902909488494E-013
210	1.06012978306206E-013
211	1.05123821541939E-013
212	1.04234144188901E-013
213	1.03344077883551E-013
214	1.02457846339013E-013
215	1.01571399124505E-013
216	1.00686196146825E-013
217	9.98023155923984E-014
218	9.89172003371036E-014
219	9.80349064465754E-014
220	9.71541742465241E-014
221	9.62750694285598E-014
222	9.53976549490971E-014
223	9.45194754359385E-014
224	9.36443957353968E-014
225	9.27712015402163E-014
226	9.18999453577638E-014
227	9.1029463414522E-014
228	9.01598355461197E-014
229	8.92935245036643E-014
230	8.84305423433842E-014
231	8.75685551409539E-014
232	8.67064707152583E-014
233	8.58489960700268E-014
234	8.49938223612293E-014
235	8.41409838573026E-014
236	8.32916365377601E-014
237	8.24424413430132E-014
238	8.15967978443093E-014
239	8.07547060771967E-014
240	7.99150790346473E-014
241	7.90779422397723E-014
242	7.8243319872462E-014
243	7.74122945178776E-014
244	7.65848618553028E-014
245	7.57599744820641E-014
246	7.49386863398177E-014
247	7.41199654220648E-014
248	7.33048471536145E-014
249	7.2493323983743E-014
250	7.16863892178805E-014
251	7.08820238731424E-014
252	7.00802429542945E-014
253	6.92839937489341E-014
254	6.84912802194843E-014
255	6.77020926832108E-014
256	6.6917376121413E-014
257	6.6135202762465E-014
258	6.53584050116129E-014
259	6.45859954541135E-014
260	6.38179418943413E-014
261	6.30542123496827E-014
262	6.22929513541637E-014
263	6.15377885659062E-014
264	6.07877530894225E-014
265	6.00410108325436E-014
266	5.92984358355439E-014
267	5.856175357513E-014
268	5.78291513150974E-014
269	5.71014643415118E-014
270	5.63795026134208E-014
271	5.56606418811863E-014
272	5.49474107823206E-014
273	5.42397437012647E-014
274	5.35367421680425E-014
275	5.28391885239262E-014
276	5.21453762419034E-014
277	5.14585426618445E-014
278	5.07761611191047E-014
279	5.00989932642857E-014
280	4.94277783849771E-014
281	4.87608552735166E-014
282	4.80997580166404E-014
283	4.74444133206341E-014
284	4.67947490854213E-014
285	4.61499235324009E-014
286	4.55106484700178E-014
287	4.48776152317799E-014
288	4.42499854132786E-014
289	4.36284422327885E-014
290	4.30106711917526E-014
291	4.24003358778657E-014
292	4.17958585586984E-014
293	4.11964327960809E-014
294	4.06034465714055E-014
295	4.00153714245763E-014
296	3.94335780393575E-014
297	3.88572698878042E-014
298	3.82877864108999E-014
299	3.77236287309922E-014
300	3.71647285254485E-014
301	3.6612400987063E-014
302	3.60665526108015E-014
303	3.55264093715043E-014
304	3.49912167077653E-014
305	3.44629319416479E-014
306	3.39407854110409E-014
307	3.34246910619527E-014
308	3.29139041017316E-014
309	3.24090100666667E-014
310	3.19112304855305E-014
311	3.14185171498063E-014
312	3.09320903262882E-014
313	3.04518599701064E-014
314	2.99771023178647E-014
315	2.95090048487643E-014
316	2.9046842699417E-014
317	2.85905317439438E-014
318	2.81399892640918E-014
319	2.76957494375392E-014
320	2.72571090935942E-014
321	2.68245975630503E-014
322	2.63987304202834E-014
323	2.59776082527998E-014
324	2.55629578083001E-014
325	2.51546838236715E-014
326	2.47521032319281E-014
327	2.43551347248639E-014
328	2.39642805891097E-014
329	2.35788728702404E-014
330	2.31999847617687E-014
331	2.28263759622357E-014
332	2.24591085637324E-014
333	2.20963940349571E-014
334	2.17404167272321E-014
335	2.13899592521855E-014
336	2.10454970914406E-014
337	2.07063906682001E-014
338	2.0372563228151E-014
339	2.00450295283186E-014
340	1.97226122358289E-014
341	1.940577720521E-014
342	1.90944432786558E-014
343	1.87890631274663E-014
344	1.84884901026963E-014
345	1.81937089177348E-014
346	1.7904634446386E-014
347	1.76201423022955E-014
348	1.73412026650858E-014
349	1.70677343231601E-014
350	1.67996573735287E-014
351	1.65358761061254E-014
352	1.62783531094515E-014
353	1.60254865534162E-014
354	1.57777100077823E-014
355	1.55349496909163E-014
356	1.52966386130834E-014
357	1.50636968406335E-014
358	1.48360457613327E-014
359	1.46126356830548E-014
360	1.4394373569883E-014
361	1.41807035542462E-014
362	1.39720378501286E-014
363	1.37678281480792E-014
364	1.35680106221587E-014
365	1.33729927747736E-014
366	1.31827050626703E-014
367	1.29966137997868E-014
368	1.28151218656769E-014
369	1.26377026491907E-014
370	1.2464755941779E-014
371	1.2296217319407E-014
372	1.21320233529937E-014
373	1.19716611899471E-014
374	1.1815524544713E-014
375	1.16635528127376E-014
376	1.15156863177945E-014
377	1.13714253892047E-014
378	1.12311577196465E-014
379	1.10948262676989E-014
380	1.09623748586821E-014
381	1.08337481698067E-014
382	1.07084622605361E-014
383	1.05873246153449E-014
384	1.0469425672592E-014
385	1.03551427775251E-014
386	1.02440039909092E-014
387	1.01368021467674E-014
388	1.00326483542257E-014
389	9.93191411755323E-015
390	9.83455106086957E-015
391	9.74051152783287E-015
392	9.64934071886847E-015
393	9.56140437221167E-015
394	9.47625314584592E-015
395	9.39465158772536E-015
396	9.31535031061242E-015
397	9.23911304530208E-015
398	9.16589671266105E-015
399	9.09526518146617E-015
400	9.02757423493766E-015
401	8.96239284175134E-015
402	8.89968614580941E-015
403	8.83980571287129E-015
404	8.78232796100721E-015
405	8.72721956763364E-015
406	8.67444769067186E-015
407	8.62397996078431E-015
408	8.57616100099477E-015
409	8.53020447351661E-015
410	8.48645775942081E-015
411	8.4448903053528E-015
412	8.40547199394673E-015
413	8.36817313686821E-015
414	8.33259876252837E-015
415	8.29908924213392E-015
416	8.26761609599244E-015
417	8.23743030996065E-015
418	8.20959077169383E-015
419	8.1833509130583E-015
420	8.15833353685104E-015
421	8.13558312647612E-015
422	8.11401240523008E-015
423	8.09395576751862E-015
424	8.07539255627081E-015
425	8.0583024019884E-015
426	8.04266521828237E-015
427	8.02811739562039E-015
428	8.01532860729146E-015
429	8.00325295949477E-015
430	7.99255899233799E-015
431	7.98322790494758E-015
432	7.9749052565435E-015
433	7.9675774034972E-015
434	7.96123088899836E-015
435	7.9558524402088E-015
436	7.95142896546512E-015
437	7.94794755152921E-015
438	7.94539546088557E-015
439	7.9437601290847E-015
440	7.94270535336013E-015
441	7.9422233031982E-015
442	7.94262714221219E-015
443	7.94358547077665E-015
444	7.94509080036441E-015
445	7.94745232436136E-015
446	7.95002817563026E-015
447	7.9534429282818E-015
448	7.95706057506761E-015
449	7.96118928113833E-015
450	7.96582214052722E-015
451	7.9706441165159E-015
452	7.97595943058079E-015
453	7.98145591188455E-015
454	7.98713101702087E-015
455	7.99328507003085E-015
456	7.99930860337249E-015
457	8.00580353322886E-015
458	8.01246464229243E-015
459	8.01899199459127E-015
460	8.02568343533905E-015
461	8.03253664963236E-015
462	8.03925561754229E-015
463	8.04613435332725E-015
464	8.05287939683908E-015
465	8.0597822409156E-015
466	8.06626323189751E-015
467	8.07290256123831E-015
468	8.07941176578645E-015
469	8.0855072837817E-015
470	8.09147804052943E-015
471	8.09760808662601E-015
472	8.10333237280073E-015
473	8.10865587120543E-015
474	8.11386255851654E-015
475	8.1186758717824E-015
476	8.12337735043074E-015
477	8.12769270052543E-015
478	8.13162663554651E-015
479	8.13518381056889E-015
480	8.13864096380804E-015
481	8.1414572252396E-015
482	8.14391035647707E-015
483	8.14600478685215E-015
484	8.14747722546647E-015
485	8.14886842637139E-015
486	8.14964841409993E-015
487	8.14982466844515E-015
488	8.14966787776996E-015
489	8.148919890255E-015
490	8.14758793421173E-015
491	8.14593924554998E-015
492	8.14371867136661E-015
493	8.14093319825738E-015
494	8.13758972796794E-015
495	8.13369507853535E-015
496	8.12925598541248E-015
497	8.12427910257529E-015
498	8.11877100361365E-015
499	8.11248635172746E-015
500	8.10593623041118E-015
501	8.0986243096198E-015
502	8.09055983206736E-015
503	8.0822476211777E-015
504	8.07319708220179E-015
505	8.06341716519391E-015
506	8.05316163191212E-015
507	8.04219237355759E-015
508	8.03076103694909E-015
509	8.01863126917832E-015
510	8.00581153418518E-015
511	7.99231019569472E-015
512	7.97837473580653E-015
513	7.96377224283038E-015
514	7.94851080389105E-015
515	7.93283485193799E-015
516	7.91627848797475E-015
517	7.89932149513454E-015
518	7.88173516152982E-015
519	7.86329431173114E-015
520	7.84447301674295E-015
521	7.82504502459902E-015
522	7.80501770914192E-015
523	7.7846276280268E-015
524	7.76319417470011E-015
525	7.74141227773312E-015
526	7.71905970364572E-015
527	7.69614340708556E-015
528	7.67267026204388E-015
529	7.64864706288119E-015
530	7.62408052533845E-015
531	7.59897728753381E-015
532	7.57334391094528E-015
533	7.54696612594248E-015
534	7.52029267974378E-015
535	7.49310832435486E-015
536	7.46541932427944E-015
537	7.43701439009228E-015
538	7.40833541431537E-015
539	7.37917015488903E-015
540	7.34930951952489E-015
541	7.31919036456337E-015
542	7.28860266375813E-015
543	7.25755219667425E-015
544	7.22604467700351E-015
545	7.1940857533824E-015
546	7.16168101019882E-015
547	7.12904557838375E-015
548	7.09597377899432E-015
549	7.0624710208975E-015
550	7.02854265170764E-015
551	6.99419395854047E-015
552	6.95963600207039E-015
553	6.92466663116183E-015
554	6.88949531907503E-015
555	6.85371769278631E-015
556	6.81794961984811E-015
557	6.78178737263116E-015
558	6.74523587000596E-015
559	6.70850069078073E-015
560	6.67138449795646E-015
561	6.63409134617898E-015
562	6.59662382516766E-015
563	6.55898449459582E-015
564	6.52097870924496E-015
565	6.48280753847838E-015
566	6.44447344296745E-015
567	6.40597885488859E-015
568	6.36732617827174E-015
569	6.32851778934419E-015
570	6.28955603686976E-015
571	6.25044324248344E-015
572	6.21118170102149E-015
573	6.17177368084718E-015
574	6.13241179488562E-015
575	6.0929065667814E-015
576	6.0534492498315E-015
577	6.01366326147056E-015
578	5.97411595663685E-015
579	5.9344313774403E-015
580	5.89461164566443E-015
581	5.85484467379385E-015
582	5.81513062298339E-015
583	5.77528510693978E-015
584	5.73567799642314E-015
585	5.69594097826201E-015
586	5.65625873145688E-015
587	5.61681342688524E-015
588	5.57724049659864E-015
589	5.53790353131133E-015
590	5.49862062235797E-015
591	5.45921231120524E-015
592	5.42021747680142E-015
593	5.38109748303155E-015
594	5.34238758609626E-015
595	5.30355277700637E-015
596	5.26494813837083E-015
597	5.22657201346196E-015
598	5.18824735096957E-015
599	5.15032392554257E-015
600	5.11244988412091E-015
601	5.07462536341424E-015
602	5.03719667197787E-015
603	4.99998798634312E-015
604	4.96299773919326E-015
605	4.92622437670131E-015
606	4.88966635839301E-015
607	4.85349240720108E-015
608	4.81735994945878E-015
609	4.78160743070877E-015
610	4.74623170163398E-015
611	4.71106161173154E-015
612	4.67609571399631E-015
613	4.64149951011472E-015
614	4.60726994890496E-015
615	4.57323815382747E-015
616	4.53973337339767E-015
617	4.50642146515397E-015
618	4.47330108508347E-015
619	4.44069833731826E-015
620	4.40844554557166E-015
621	4.37653984049686E-015
622	4.34497837875543E-015
623	4.31375834274808E-015
624	4.28287694034872E-015
625	4.25249199723962E-015
626	4.22243915434316E-015
627	4.19271570172899E-015
628	4.16331895384444E-015
629	4.13440480745451E-015
630	4.10596911732951E-015
631	4.07785022073662E-015
632	4.05020259901614E-015
633	4.02286565035059E-015
634	3.99599292038054E-015
635	3.96958043581934E-015
636	3.94346916969778E-015
637	3.91781128284031E-015
638	3.89260290245338E-015
639	3.86784019084996E-015
640	3.84351934509068E-015
641	3.8196365966291E-015
642	3.79618821096108E-015
643	3.77301875323358E-015
644	3.75042849457364E-015
645	3.72826159381765E-015
646	3.70651444921787E-015
647	3.6851834913752E-015
648	3.66441458620575E-015
649	3.64390496173996E-015
650	3.62394949479854E-015
651	3.60439534516506E-015
652	3.58523910661506E-015
653	3.56662452915033E-015
654	3.54840024270607E-015
655	3.53056293747905E-015
656	3.51325511737109E-015
657	3.49632686065889E-015
658	3.47977495101725E-015
659	3.4637406616039E-015
660	3.44807549767111E-015
661	3.432919922282E-015
662	3.41812638231876E-015
663	3.40383453734849E-015
664	3.38989776665006E-015
665	3.37645493282756E-015
666	3.36336033844789E-015
667	3.35061103663737E-015
668	3.33834470381211E-015
669	3.32655718553867E-015
670	3.31510460413284E-015
671	3.30412346987439E-015
672	3.29347080176714E-015
673	3.28328233861844E-015
674	3.27341598748874E-015
675	3.26386902336621E-015
676	3.25477603676593E-015
677	3.24613313498298E-015
678	3.23779997576255E-015
679	3.22991002055358E-015
680	3.22232378994126E-015
681	3.21503871378988E-015
682	3.20818713270331E-015
683	3.20176533765722E-015
684	3.19563555047595E-015
685	3.1897952991509E-015
686	3.18424213302439E-015
687	3.17910655616347E-015
688	3.17438500237537E-015
689	3.16980960925517E-015
690	3.16564272905891E-015
691	3.16174947706683E-015
692	3.15825855722794E-015
693	3.15490525311992E-015
694	3.15194895483175E-015
695	3.14925638846854E-015
696	3.14695484061E-015
697	3.14478268490008E-015
698	3.1429963983013E-015
699	3.14133587656244E-015
700	3.14005615578154E-015
701	3.13889864039569E-015
702	3.13811693756915E-015
703	3.13745394717041E-015
704	3.13716185923195E-015
705	3.13698505595403E-015
706	3.13704844219481E-015
707	3.13734998456916E-015
708	3.1377624968564E-015
709	3.13853467257991E-015
710	3.13941453901864E-015
711	3.14040117951453E-015
712	3.1417412222765E-015
713	3.14306142028985E-015
714	3.14473115424575E-015
715	3.14637928105637E-015
716	3.14837313350942E-015
717	3.1503436545961E-015
718	3.15253443599707E-015
719	3.15482224737676E-015
720	3.15720625595238E-015
721	3.15980633597151E-015
722	3.16250030075516E-015
723	3.16516730880004E-015
724	3.16804695744713E-015
725	3.1710180861708E-015
726	3.17407990724173E-015
727	3.17723163951283E-015
728	3.18035411673751E-015
729	3.18368367835466E-015
730	3.18698310105879E-015
731	3.1902525945557E-015
732	3.19372657120972E-015
733	3.19716975692072E-015
734	3.20058236440713E-015
735	3.20408075355664E-015
736	3.20766418826323E-015
737	3.21121641881502E-015
738	3.214737659138E-015
739	3.21822812153019E-015
740	3.22180260225043E-015
741	3.22534610709648E-015
742	3.22885884730803E-015
743	3.2323410325258E-015
744	3.23567951319911E-015
745	3.23910151493244E-015
746	3.24249357991753E-015
747	3.24585591154278E-015
748	3.24918871166546E-015
749	3.25238033041745E-015
750	3.25554341258056E-015
751	3.2585668962766E-015
752	3.26167378063985E-015
753	3.26453137255752E-015
754	3.26747273844749E-015
755	3.27016694133992E-015
756	3.27283548912094E-015
757	3.27536905652433E-015
758	3.27787789438958E-015
759	3.28025324736495E-015
760	3.28249614186666E-015
761	3.28460759629718E-015
762	3.28658862111502E-015
763	3.28854800481017E-015
764	3.29027088855354E-015
765	3.29186632818649E-015
766	3.2933353030695E-015
767	3.29467878495763E-015
768	3.29589773806621E-015
769	3.29688700754902E-015
770	3.2977542048377E-015
771	3.29850026870762E-015
772	3.29902084165388E-015
773	3.29942268114096E-015
774	3.29970670118863E-015
775	3.29966485680412E-015
776	3.29961228266263E-015
777	3.2993411835813E-015
778	3.29885324319954E-015
779	3.29815013220434E-015
780	3.29733665012968E-015
781	3.2963107728206E-015
782	3.29507413579811E-015
783	3.29373071539344E-015
784	3.29207715469258E-015
785	3.29021766703943E-015
786	3.28825541244653E-015
787	3.28608987518624E-015
788	3.28362156068531E-015
789	3.28105439644158E-015
790	3.27818805863752E-015
791	3.27522542783077E-015
792	3.27196717637281E-015
793	3.26851535621194E-015
794	3.26487145921455E-015
795	3.26103696592396E-015
796	3.2570133456555E-015
797	3.25270326529938E-015
798	3.24820745786243E-015
799	3.24342905911139E-015
800	3.23856633234395E-015
801	3.2333265300108E-015
802	3.22800520716267E-015
803	3.22240837808777E-015
804	3.21663522517228E-015
805	3.21059027405638E-015
806	3.20437219750262E-015
807	3.19798233671955E-015
808	3.1913259014521E-015
809	3.18440492483328E-015
810	3.17731707239348E-015
811	3.16996822826529E-015
812	3.16245556028878E-015
813	3.15478034263851E-015
814	3.14684912950362E-015
815	3.13866387244978E-015
816	3.13032075556796E-015
817	3.12172699364662E-015
818	3.11288449763412E-015
819	3.1039822808273E-015
820	3.09474086745195E-015
821	3.0853490190676E-015
822	3.07580791436883E-015
823	3.06593342010936E-015
824	3.05591289909091E-015
825	3.04574749898305E-015
826	3.03534637872529E-015
827	3.02480309352529E-015
828	3.01402722658986E-015
829	3.00302055117067E-015
830	2.99187592379917E-015
831	2.98050355751585E-015
832	2.96899584830952E-015
833	2.95735386808824E-015
834	2.94548845572739E-015
835	2.93340131487265E-015
836	2.92118393088783E-015
837	2.90874775983382E-015
838	2.89618383692372E-015
839	2.88349318054657E-015
840	2.87058786004473E-015
841	2.85755824288753E-015
842	2.84431680308141E-015
843	2.83095346634678E-015
844	2.8174692096245E-015
845	2.80377710996405E-015
846	2.78996643775696E-015
847	2.7760381463378E-015
848	2.76199318203436E-015
849	2.74774541728816E-015
850	2.73338326076173E-015
851	2.71890763593508E-015
852	2.70431945951599E-015
853	2.689619641494E-015
854	2.67480908519386E-015
855	2.65980283738864E-015
856	2.64477368846171E-015
857	2.62955102112862E-015
858	2.61430681141676E-015
859	2.59895628052901E-015
860	2.58350029290441E-015
861	2.56793970667842E-015
862	2.55219091164475E-015
863	2.53650813974454E-015
864	2.52063884423571E-015
865	2.50475219819781E-015
866	2.48876476443152E-015
867	2.47276085755479E-015
868	2.45657412025316E-015
869	2.44045526329643E-015
870	2.4241551968856E-015
871	2.4078407484332E-015
872	2.39151214525731E-015
873	2.37508726460481E-015
874	2.35864905476561E-015
875	2.34211576319374E-015
876	2.32565173972082E-015
877	2.30909344146929E-015
878	2.29244163995118E-015
879	2.2758595580877E-015
880	2.25918476176865E-015
881	2.24249887005078E-015
882	2.22588276394892E-015
883	2.20917510880483E-015
884	2.19245696544469E-015
885	2.17572853274158E-015
886	2.15906995868336E-015
887	2.1423213573235E-015
888	2.12564264531714E-015
889	2.1088746537885E-015
890	2.0922558124617E-015
891	2.0755480753172E-015
892	2.05890992360612E-015
893	2.04226231295109E-015
894	2.02568395858673E-015
895	2.00917452130138E-015
896	1.99257730972289E-015
897	1.97612704217722E-015
898	1.95966720244221E-015
899	1.94327563279694E-015
900	1.92687451630534E-015
901	1.91054134977889E-015
902	1.89427580254044E-015
903	1.87807754584032E-015
904	1.8619462528431E-015
905	1.84588159861452E-015
906	1.82980679833086E-015
907	1.81387462279432E-015
908	1.79800812194501E-015
909	1.78220697832662E-015
910	1.76647087631995E-015
911	1.75079950213039E-015
912	1.73526800333391E-015
913	1.71980027995092E-015
914	1.70439602521075E-015
915	1.68905493410886E-015
916	1.67385150571448E-015
917	1.65878494961547E-015
918	1.64370552649109E-015
919	1.62883637220514E-015
920	1.61402791644715E-015
921	1.59927986927818E-015
922	1.58473960730712E-015
923	1.57018486713052E-015
924	1.5558363847619E-015
925	1.54161957114471E-015
926	1.52746047804176E-015
927	1.51343186997126E-015
928	1.4995330027305E-015
929	1.48576313670614E-015
930	1.47204896849266E-015
931	1.45853505998442E-015
932	1.44514796056838E-015
933	1.4318869486724E-015
934	1.4187513071557E-015
935	1.40566852857306E-015
936	1.39285328866906E-015
937	1.38008949929799E-015
938	1.36751959188539E-015
939	1.35500004632588E-015
940	1.34267269349945E-015
941	1.33053639399067E-015
942	1.31844855101733E-015
943	1.30655010311708E-015
944	1.29483992908259E-015
945	1.28317634649709E-015
946	1.27176954551259E-015
947	1.26040801585954E-015
948	1.24923122773917E-015
949	1.23823808997615E-015
950	1.22735797154463E-015
951	1.2166596334619E-015
952	1.20607274838634E-015
953	1.19566579559418E-015
954	1.18543771434248E-015
955	1.17531862977502E-015
956	1.16530792560433E-015
957	1.15554205611002E-015
958	1.14588277386413E-015
959	1.13639772435914E-015
960	1.1270177766129E-015
961	1.11781030105291E-015
962	1.108842107074E-015
963	1.09990871730588E-015
964	1.0912125999441E-015
965	1.08261753392334E-015
966	1.07419021110733E-015
967	1.06592964685874E-015
968	1.05783486252335E-015
969	1.04983803801347E-015
970	1.04207203895867E-015
971	1.03440234649697E-015
972	1.02689485160866E-015
973	1.01954860368766E-015
974	1.01236265787817E-015
975	1.00533607503573E-015
976	9.98402029263218E-016
977	9.91691512323314E-016
978	9.85071951047666E-016
979	9.78608319945384E-016
980	9.72299706627972E-016
981	9.66145204197471E-016
982	9.60143911209503E-016
983	9.54229973843965E-016
984	9.48532548933185E-016
985	9.42920966680739E-016
986	9.37459303686258E-016
987	9.32211116654156E-016
988	9.27046539380555E-016
989	9.2196509730061E-016
990	9.170944044685E-016
991	9.12369303418265E-016
992	9.07725159050856E-016
993	9.03225168134689E-016
994	8.98868489576656E-016
995	8.94654287293899E-016
996	8.905184561677E-016
997	8.86586844863247E-016
998	8.82732210144012E-016
999	8.79017008512513E-016
1000	8.75377658225774E-016
1001	8.71939014903261E-016
1002	8.68574861863511E-016
1003	8.65347168778525E-016
1004	8.62192870789479E-016
1005	8.59173695686577E-016
1006	8.56288857050349E-016
1007	8.53475673216059E-016
1008	8.50795512301981E-016
1009	8.48247600635861E-016
1010	8.45769636209615E-016
1011	8.43422630546205E-016
1012	8.41205822479701E-016
1013	8.39057286165451E-016
1014	8.36976630949952E-016
1015	8.35024396910516E-016
1016	8.3313902985274E-016
1017	8.31380836145063E-016
1018	8.29688507832518E-016
1019	8.28122118903577E-016
1020	8.26620606147376E-016
1021	8.25183597693064E-016
1022	8.23870820909684E-016
1023	8.22621576408618E-016
1024	8.21435499798018E-016
1025	8.20371974776779E-016
1026	8.19370662496607E-016
1027	8.18431205892271E-016
1028	8.17553249968804E-016
1029	8.16736441788144E-016
1030	8.16039598060136E-016
1031	8.15343920046391E-016
1032	8.14767282109007E-016
1033	8.14191348192435E-016
1034	8.13733539315449E-016
1035	8.13334576986925E-016
1036	8.12935638703864E-016
1037	8.12653470333685E-016
1038	8.12370880715673E-016
1039	8.12204168830977E-016
1040	8.12036596807803E-016
1041	8.11926094905423E-016
1042	8.11872335745294E-016
1043	8.11817291270392E-016
1044	8.1181856127885E-016
1045	8.11875823045185E-016
1046	8.11988755692765E-016
1047	8.12099777470344E-016
1048	8.1226605222713E-016
1049	8.12487263627037E-016
1050	8.12706161022156E-016
1051	8.1297958428511E-016
1052	8.13250501601436E-016
1053	8.13518925758338E-016
1054	8.1384137446334E-016
1055	8.14217539313155E-016
1056	8.14534531138012E-016
1057	8.14905053192955E-016
1058	8.15328800493029E-016
1059	8.15749496851783E-016
1060	8.1616715726175E-016
1061	8.16581796635019E-016
1062	8.16993429803722E-016
1063	8.17457624196309E-016
1064	8.17863184810618E-016
1065	8.18321127856319E-016
1066	8.18775916052266E-016
1067	8.19227564711168E-016
1068	8.19676089064301E-016
1069	8.20121504261997E-016
1070	8.20563825374137E-016
1071	8.21003067390638E-016
1072	8.21439245221933E-016
1073	8.21872373699456E-016
1074	8.22248046499502E-016
1075	8.22675221604565E-016
1076	8.2304517204958E-016
1077	8.23412332589151E-016
1078	8.23776716828782E-016
1079	8.24084420190162E-016
1080	8.2444339211464E-016
1081	8.24745908972147E-016
1082	8.24992281695093E-016
1083	8.25236340241505E-016
1084	8.25478096151819E-016
1085	8.25717560905025E-016
1086	8.25901520326443E-016
1087	8.26030279296769E-016
1088	8.26157171198955E-016
1089	8.26282205659599E-016
1090	8.26352556412348E-016
1091	8.26368523287437E-016
1092	8.26383047039268E-016
1093	8.26343589172246E-016
1094	8.26302895758517E-016
1095	8.26208619116422E-016
1096	8.26113311712767E-016
1097	8.25912651644741E-016
1098	8.25711352705142E-016
1099	8.25509419374638E-016
1100	8.2520309613079E-016
1101	8.24896524003093E-016
1102	8.24538013925065E-016
1103	8.2417944796635E-016
1104	8.23717818399567E-016
1105	8.2325650962009E-016
1106	8.22744203276536E-016
1107	8.22181177785605E-016
1108	8.21618843912459E-016
1109	8.2095511721135E-016
1110	8.202924476772E-016
1111	8.19529116419196E-016
1112	8.18767202931994E-016
1113	8.17956027601014E-016
1114	8.17095859192825E-016
1115	8.16186965022422E-016
1116	8.15229610961902E-016
1117	8.14224061449096E-016
1118	8.13170579496132E-016
1119	8.12119560629708E-016
1120	8.10970907727475E-016
1121	8.09775103191224E-016
1122	8.08532404413947E-016
1123	8.07292844988164E-016
1124	8.05957035887703E-016
1125	8.04575096691534E-016
1126	8.03196792115379E-016
1127	8.01723259307331E-016
1128	8.00204348310813E-016
1129	7.98640307002046E-016
1130	7.97080544980947E-016
1131	7.95426894514689E-016
1132	7.93728849662705E-016
1133	7.9198665303832E-016
1134	7.90200545958713E-016
1135	7.88370768452566E-016
1136	7.86497559267655E-016
1137	7.84581155878402E-016
1138	7.82621794493366E-016
1139	7.8061971006269E-016
1140	7.78575136285499E-016
1141	7.7648830561725E-016
1142	7.74359449277028E-016
1143	7.72188797254801E-016
1144	7.69976578318625E-016
1145	7.67675136093647E-016
1146	7.65380548276025E-016
1147	7.6304507237028E-016
1148	7.60668932328673E-016
1149	7.58252350916866E-016
1150	7.55795549720848E-016
1151	7.53251362933198E-016
1152	7.50714864438783E-016
1153	7.4813880369498E-016
1154	7.45523397638179E-016
1155	7.42868862059048E-016
1156	7.4022238897728E-016
1157	7.37490156040501E-016
1158	7.34719434355446E-016
1159	7.31910435195323E-016
1160	7.2911002280436E-016
1161	7.26271591553368E-016
1162	7.2334885632593E-016
1163	7.20435091870474E-016
1164	7.17483930792148E-016
1165	7.14541833046474E-016
1166	7.11516414290355E-016
1167	7.08500308116468E-016
1168	7.05401445127846E-016
1169	7.02312140518962E-016
1170	6.99232358885313E-016
1171	6.96070500852514E-016
1172	6.9291840769853E-016
1173	6.89730417149928E-016
1174	6.8650672622277E-016
1175	6.83293001923578E-016
1176	6.80043813666418E-016
1177	6.76759355989805E-016
1178	6.73485062229365E-016
1179	6.70130568603097E-016
1180	6.66831556609595E-016
1181	6.63497738311477E-016
1182	6.60129304396892E-016
1183	6.56726444563752E-016
1184	6.53334130178755E-016
1185	6.49952322419792E-016
1186	6.46536350829887E-016
1187	6.43130959011627E-016
1188	6.39691626365987E-016
1189	6.36218538463931E-016
1190	6.32756212307996E-016
1191	6.29304608406731E-016
1192	6.25819503631362E-016
1193	6.22345190668346E-016
1194	6.18881629988156E-016
1195	6.15384819896167E-016
1196	6.11898830456856E-016
1197	6.08423622107579E-016
1198	6.04915412931756E-016
1199	6.0141805204893E-016
1200	5.97931499868166E-016
1201	5.9441219261126E-016
1202	5.9094721211392E-016
1203	5.87449542580426E-016
1204	5.83962668929295E-016
1205	5.80486551890616E-016
1206	5.76977988006667E-016
1207	5.73523338531579E-016
1208	5.70036307097979E-016
1209	5.66602969442679E-016
1210	5.6313731468563E-016
1211	5.59682325653457E-016
1212	5.56237963733101E-016
1213	5.52846858292442E-016
1214	5.49423565190745E-016
1215	5.46010784536766E-016
1216	5.42608478381914E-016
1217	5.39258996852202E-016
1218	5.35877456960199E-016
1219	5.32548527864818E-016
1220	5.29187605083176E-016
1221	5.25879080595847E-016
1222	5.2258066894345E-016
1223	5.19292333814311E-016
1224	5.16055943717487E-016
1225	5.12787584963878E-016
1226	5.09570963011417E-016
1227	5.06364138003764E-016
1228	5.03208707125308E-016
1229	5.00021303340015E-016
1230	4.96885088992359E-016
1231	4.93758397757604E-016
1232	4.90682558116357E-016
1233	4.87616039749672E-016
1234	4.8455880948169E-016
1235	4.8155199608637E-016
1236	4.78554271759634E-016
1237	4.75565604231667E-016
1238	4.72626924008496E-016
1239	4.69697104317998E-016
1240	4.66816944439968E-016
1241	4.63945450966119E-016
1242	4.61123292576917E-016
1243	4.58309608577164E-016
1244	4.55544937670941E-016
1245	4.52788551229638E-016
1246	4.50080858599966E-016
1247	4.47381262577622E-016
1248	4.44730043767065E-016
1249	4.420867357502E-016
1250	4.3949149100048E-016
1251	4.36944089308745E-016
1252	4.34404259479486E-016
1253	4.31911963157004E-016
1254	4.29427058352872E-016
1255	4.26989380089832E-016
1256	4.24598712386432E-016
1257	4.22215106123673E-016
1258	4.19878207737991E-016
1259	4.17587803826418E-016
1260	4.15304136744584E-016
1261	4.13066665670468E-016
1262	4.10875179742093E-016
1263	4.08729469084809E-016
1264	4.06590029355331E-016
1265	4.04496072245222E-016
1266	4.02408218928419E-016
1267	4.00404667656776E-016
1268	3.98406931587504E-016
1269	3.96414990706304E-016
1270	3.94506675436912E-016
1271	3.92603870762387E-016
1272	3.90745360696517E-016
1273	3.88930943670066E-016
1274	3.87160419051313E-016
1275	3.85406552721249E-016
1276	3.8369240899824E-016
1277	3.82010107885388E-016
1278	3.80363350252484E-016
1279	3.78751975655053E-016
1280	3.77175824390491E-016
1281	3.75630911514016E-016
1282	3.74120916703733E-016
1283	3.72649496483854E-016
1284	3.71208859971393E-016
1285	3.69798868883456E-016
1286	3.68426978170628E-016
1287	3.67089225046572E-016
1288	3.65781671044047E-016
1289	3.645117378392E-016
1290	3.63271709695507E-016
1291	3.62061452303156E-016
1292	3.60888354237033E-016
1293	3.59744736895255E-016
1294	3.58634217409249E-016
1295	3.57556646636637E-016
1296	3.56508138156548E-016
1297	3.55492293671659E-016
1298	3.54508966040133E-016
1299	3.53554288070232E-016
1300	3.52628131122805E-016
1301	3.51734076443029E-016
1302	3.50868275879838E-016
1303	3.50034300509796E-016
1304	3.49228314807136E-016
1305	3.48450193118234E-016
1306	3.47699810361805E-016
1307	3.46980717357723E-016
1308	3.4628543388176E-016
1309	3.45617517512348E-016
1310	3.4497684542864E-016
1311	3.44363295367761E-016
1312	3.43773098239463E-016
1313	3.43209791374048E-016
1314	3.42673254127703E-016
1315	3.42159735637778E-016
1316	3.41669132892638E-016
1317	3.41204963097719E-016
1318	3.40763493443094E-016
1319	3.40341013559745E-016
1320	3.39944645359805E-016
1321	3.3957067391377E-016
1322	3.3921540657665E-016
1323	3.38882346873123E-016
1324	3.38567813864219E-016
1325	3.3827530104522E-016
1326	3.38004709924858E-016
1327	3.37748811612274E-016
1328	3.37514660805978E-016
1329	3.37295050860673E-016
1330	3.37097015743491E-016
1331	3.36913370950402E-016
1332	3.36747591092255E-016
1333	3.36596063027788E-016
1334	3.36462251377907E-016
1335	3.36342554253852E-016
1336	3.36236908763923E-016
1337	3.36145252297773E-016
1338	3.36064015465103E-016
1339	3.36000155568312E-016
1340	3.35946601923937E-016
1341	3.35906800058012E-016
1342	3.35877202518884E-016
1343	3.35857763883829E-016
1344	3.35848438932554E-016
1345	3.35849182646199E-016
1346	3.35859950206336E-016
1347	3.35880696993979E-016
1348	3.3590792335008E-016
1349	3.35941600408204E-016
1350	3.35985144442361E-016
1351	3.36035071637599E-016
1352	3.36091353544392E-016
1353	3.36153961839492E-016
1354	3.3621944363019E-016
1355	3.36294625285352E-016
1356	3.36369219891505E-016
1357	3.36450048947746E-016
1358	3.36530275571789E-016
1359	3.36616701260226E-016
1360	3.36705903869344E-016
1361	3.36794481315997E-016
1362	3.36885820660459E-016
1363	3.36976529833923E-016
1364	3.37069985994006E-016
1365	3.37176286006039E-016
1366	3.37254995465164E-016
1367	3.37333114174121E-016
1368	3.37444194300275E-016
1369	3.37521089532026E-016
1370	3.37597401102078E-016
1371	3.3767313131761E-016
1372	3.37781637036856E-016
1373	3.37856162874993E-016
1374	3.37930114327908E-016
1375	3.37970284438689E-016
1376	3.38043142150529E-016
1377	3.38115432148304E-016
1378	3.38154091834705E-016
1379	3.38192284117876E-016
1380	3.3823001090682E-016
1381	3.3826727410243E-016
1382	3.38304075597523E-016
1383	3.38307591001801E-016
1384	3.38310743272261E-016
1385	3.38313533969921E-016
1386	3.38315964649066E-016
1387	3.38285399578008E-016
1388	3.38287161850107E-016
1389	3.38223481839323E-016
1390	3.3819213162623E-016
1391	3.38128072233653E-016
1392	3.38063847966227E-016
1393	3.37999459731533E-016
1394	3.37902597991392E-016
1395	3.37805666666667E-016
1396	3.37708666354222E-016
1397	3.37579425778518E-016
1398	3.37450209385204E-016
1399	3.37288937483917E-016
1400	3.37127781939431E-016
1401	3.36966742746418E-016
1402	3.36773877010035E-016
1403	3.36581218617817E-016
1404	3.36356915290325E-016
1405	3.36132909327083E-016
1406	3.35877438680404E-016
1407	3.35622354455402E-016
1408	3.35367655779204E-016
1409	3.3508171538086E-016
1410	3.34796248450121E-016
1411	3.34479716996966E-016
1412	3.34132253788676E-016
1413	3.33785438685634E-016
1414	3.33439269981658E-016
1415	3.33062387122437E-016
1416	3.32686235788987E-016
1417	3.32279543585696E-016
1418	3.31842440771079E-016
1419	3.31406239422724E-016
1420	3.30970937034027E-016
1421	3.30505436419352E-016
1422	3.30009866198568E-016
1423	3.29515361821638E-016
1424	3.28990956411394E-016
1425	3.28467697665904E-016
1426	3.27914705219219E-016
1427	3.27362939389211E-016
1428	3.26781605960369E-016
1429	3.26170830612634E-016
1430	3.25561443150421E-016
1431	3.24953439546904E-016
1432	3.24285577837057E-016
1433	3.23649839064451E-016
1434	3.22954489893527E-016
1435	3.22260763505867E-016
1436	3.21568655147582E-016
1437	3.20847753736681E-016
1438	3.20098181334395E-016
1439	3.1935038140298E-016
1440	3.18574068901804E-016
1441	3.17769364627739E-016
1442	3.16966584793585E-016
1443	3.16165723720204E-016
1444	3.15306551023205E-016
1445	3.14479523100116E-016
1446	3.13594421673687E-016
1447	3.12711465096389E-016
1448	3.11830647017947E-016
1449	3.10922056132886E-016
1450	3.0998580979586E-016
1451	3.09051847496644E-016
1452	3.08090380892388E-016
1453	3.07131266742148E-016
1454	3.06144798343709E-016
1455	3.05160750068917E-016
1456	3.04149496522095E-016
1457	3.0311115243849E-016
1458	3.02075369123674E-016
1459	3.01042138978659E-016
1460	2.99981998226023E-016
1461	2.98895060208373E-016
1462	2.97810813496245E-016
1463	2.96699914538582E-016
1464	2.95591771041981E-016
1465	2.94486374832494E-016
1466	2.93325286433413E-016
1467	2.92196264137083E-016
1468	2.91026339851481E-016
1469	2.89856418759858E-016
1470	2.88674881319663E-016
1471	2.87481778121952E-016
1472	2.86277159547304E-016
1473	2.85063969640964E-016
1474	2.8383935664347E-016
1475	2.82606256368013E-016
1476	2.81364706662777E-016
1477	2.80111866991387E-016
1478	2.78853535231171E-016
1479	2.77583996181496E-016
1480	2.76303298691169E-016
1481	2.75020079521897E-016
1482	2.73725775839087E-016
1483	2.72423290948812E-016
1484	2.71112661430387E-016
1485	2.69799618328824E-016
1486	2.68475644503236E-016
1487	2.67146466904842E-016
1488	2.65812110087867E-016
1489	2.64466934429034E-016
1490	2.63119471782912E-016
1491	2.61766910527778E-016
1492	2.60409274783126E-016
1493	2.59043771679439E-016
1494	2.57676062676212E-016
1495	2.56306160283923E-016
1496	2.5492846574861E-016
1497	2.53548617663542E-016
1498	2.52163830209281E-016
1499	2.50779715604892E-016
1500	2.49390693518277E-016
1501	2.47996787236827E-016
1502	2.46603586433967E-016
1503	2.45208312454258E-016
1504	2.43810977255867E-016
1505	2.42408820583712E-016
1506	2.41007402291564E-016
1507	2.39606723143544E-016
1508	2.38204022750324E-016
1509	2.36802070319979E-016
1510	2.35398112732676E-016
1511	2.33994911823086E-016
1512	2.32592468272765E-016
1513	2.31190782755703E-016
1514	2.29787116627211E-016
1515	2.28389688479758E-016
1516	2.26990281031424E-016
1517	2.25594362728515E-016
1518	2.24199198531903E-016
1519	2.22807510405478E-016
1520	2.21419288257725E-016
1521	2.20034522032154E-016
1522	2.18650491107875E-016
1523	2.17269903211733E-016
1524	2.15895451862312E-016
1525	2.14521716593945E-016
1526	2.13154090956664E-016
1527	2.11789861609356E-016
1528	2.10429018736795E-016
1529	2.09074238402732E-016
1530	2.07725500333756E-016
1531	2.06380105496587E-016
1532	2.05040719591698E-016
1533	2.03707322548777E-016
1534	2.02379894371488E-016
1535	2.01058415137164E-016
1536	1.99742864996493E-016
1537	1.98435882140745E-016
1538	1.97134781990569E-016
1539	1.95839544935065E-016
1540	1.94552799060654E-016
1541	1.93274514598215E-016
1542	1.92002021126244E-016
1543	1.90737936703448E-016
1544	1.89479597944732E-016
1545	1.8823224677016E-016
1546	1.86993216600506E-016
1547	1.85762478309022E-016
1548	1.84540002877742E-016
1549	1.8332576139703E-016
1550	1.82119725065119E-016
1551	1.80924475403132E-016
1552	1.79737366885177E-016
1553	1.78560974548783E-016
1554	1.77392659842498E-016
1555	1.76234991344118E-016
1556	1.75087930921223E-016
1557	1.73948850441132E-016
1558	1.7282289566672E-016
1559	1.71704851916416E-016
1560	1.70597271751014E-016
1561	1.69500117728712E-016
1562	1.6841592614092E-016
1563	1.6733950934862E-016
1564	1.66275974236454E-016
1565	1.65222710345807E-016
1566	1.64179680948865E-016
1567	1.6314940665577E-016
1568	1.62129287292537E-016
1569	1.61121837247628E-016
1570	1.60124463175226E-016
1571	1.59137129065052E-016
1572	1.58164880970221E-016
1573	1.57200050568641E-016
1574	1.56247680982312E-016
1575	1.55307727103779E-016
1576	1.54380143994251E-016
1577	1.53464886882893E-016
1578	1.52559389481639E-016
1579	1.51666135421954E-016
1580	1.50785080414495E-016
1581	1.49916180335143E-016
1582	1.49059391224315E-016
1583	1.48214669286277E-016
1584	1.47381970888459E-016
1585	1.46561252560774E-016
1586	1.45752470994946E-016
1587	1.44955583043827E-016
1588	1.44170545720738E-016
1589	1.43397316198788E-016
1590	1.42635851810222E-016
1591	1.4188611004575E-016
1592	1.41148048553896E-016
1593	1.4042409957381E-016
1594	1.39709269097989E-016
1595	1.39008461020341E-016
1596	1.38316694055348E-016
1597	1.37638860018981E-016
1598	1.36972449276496E-016
1599	1.36317420580206E-016
1600	1.35673732835025E-016
1601	1.35043794871885E-016
1602	1.344226632944E-016
1603	1.33812750297758E-016
1604	1.33216456012694E-016
1605	1.3263129339719E-016
1606	1.32057222275598E-016
1607	1.31494202620454E-016
1608	1.30942194551868E-016
1609	1.30401158336917E-016
1610	1.29871054389041E-016
1611	1.2935184326744E-016
1612	1.28845902141256E-016
1613	1.28348355935472E-016
1614	1.27861585107707E-016
1615	1.27385550794225E-016
1616	1.26917809753501E-016
1617	1.26463135420169E-016
1618	1.26016683277153E-016
1619	1.25583215152929E-016
1620	1.25157898678837E-016
1621	1.24740704689985E-016
1622	1.24336377667363E-016
1623	1.23940103362077E-016
1624	1.23554233856612E-016
1625	1.23176353688939E-016
1626	1.22808809316039E-016
1627	1.22451563501281E-016
1628	1.22102209929593E-016
1629	1.21763086664558E-016
1630	1.21431793454277E-016
1631	1.21110662785747E-016
1632	1.20794942828368E-016
1633	1.20489323901913E-016
1634	1.20193769647438E-016
1635	1.19903545883897E-016
1636	1.19623325950775E-016
1637	1.19350730610583E-016
1638	1.19083392194234E-016
1639	1.18825967136267E-016
1640	1.18576085105973E-016
1641	1.18331387277001E-016
1642	1.18096513269598E-016
1643	1.17866775444154E-016
1644	1.17644478924707E-016
1645	1.17427276581563E-016
1646	1.17219785740412E-016
1647	1.17017341757741E-016
1648	1.1681992672832E-016
1649	1.16629832084459E-016
1650	1.16447031657508E-016
1651	1.16266892006899E-016
1652	1.16094005668174E-016
1653	1.15928346724763E-016
1654	1.15765298680485E-016
1655	1.15609437567027E-016
1656	1.15458447919746E-016
1657	1.15310025414934E-016
1658	1.15168729653584E-016
1659	1.15029972147977E-016
1660	1.14898301594119E-016
1661	1.14766864599421E-016
1662	1.14642480504764E-016
1663	1.1452058303019E-016
1664	1.14403431323776E-016
1665	1.14291008557585E-016
1666	1.14181035564532E-016
1667	1.14073503775072E-016
1668	1.13970661629043E-016
1669	1.13867983957119E-016
1670	1.13772225123183E-016
1671	1.13676613865863E-016
1672	1.13583396057351E-016
1673	1.13494806836244E-016
1674	1.13406348154782E-016
1675	1.13322496054145E-016
1676	1.1323876326098E-016
1677	1.13157382353343E-016
1678	1.1307834510496E-016
1679	1.12999415807524E-016
1680	1.12922819104629E-016
1681	1.1284632462749E-016
1682	1.12772151748725E-016
1683	1.12698075419911E-016
1684	1.12626309761343E-016
1685	1.1255463502589E-016
1686	1.12483051041563E-016
1687	1.12411557636807E-016
1688	1.12342358468933E-016
1689	1.12271043102287E-016
1690	1.1220201642465E-016
1691	1.12130878433523E-016
1692	1.12062023603658E-016
1693	1.11991062328736E-016
1694	1.1192019045822E-016
1695	1.11849407823927E-016
1696	1.11778714258097E-016
1697	1.1170592907202E-016
1698	1.11633237753795E-016
1699	1.11558464731088E-016
1700	1.11483790332054E-016
1701	1.11407044082799E-016
1702	1.11330401169844E-016
1703	1.11251696199885E-016
1704	1.11170936587708E-016
1705	1.11088129721837E-016
1706	1.11005440546718E-016
1707	1.10918558708047E-016
1708	1.10831804162767E-016
1709	1.10743026626563E-016
1710	1.10652233371408E-016
1711	1.1055728664947E-016
1712	1.10462486174035E-016
1713	1.10365691637427E-016
1714	1.10264772715317E-016
1715	1.10164014031751E-016
1716	1.10059150200314E-016
1717	1.09952325796341E-016
1718	1.09841420320854E-016
1719	1.09728573308238E-016
1720	1.09613791752159E-016
1721	1.09494962475224E-016
1722	1.09374217490359E-016
1723	1.09251563704783E-016
1724	1.09122782448838E-016
1725	1.08994226254622E-016
1726	1.08859570946879E-016
1727	1.08723048850568E-016
1728	1.08584666714262E-016
1729	1.08442330684983E-016
1730	1.08296054744994E-016
1731	1.08145852827798E-016
1732	1.07993832127736E-016
1733	1.078379083431E-016
1734	1.07678095274772E-016
1735	1.0751649275422E-016
1736	1.07348939927214E-016
1737	1.07179620214674E-016
1738	1.07006461160171E-016
1739	1.06829476338562E-016
1740	1.06650753387867E-016
1741	1.06466155186819E-016
1742	1.06277771665043E-016
1743	1.06087683188521E-016
1744	1.05893831381273E-016
1745	1.0569416730531E-016
1746	1.05492831071626E-016
1747	1.05285713758205E-016
1748	1.05076945940734E-016
1749	1.04864480858678E-016
1750	1.04648331589916E-016
1751	1.04426463027129E-016
1752	1.04202986774466E-016
1753	1.03975865293899E-016
1754	1.03745111483333E-016
1755	1.03510738196107E-016
1756	1.03272758241165E-016
1757	1.03031184383221E-016
1758	1.02783997476459E-016
1759	1.02535276239534E-016
1760	1.02285026378672E-016
1761	1.02029203677227E-016
1762	1.01769850238829E-016
1763	1.01506978566348E-016
1764	1.0124060111959E-016
1765	1.00970730315465E-016
1766	1.00697378528144E-016
1767	1.00422569316107E-016
1768	1.00142290240927E-016
1769	9.98605737371492E-017
1770	9.95734163774177E-017
1771	9.92848414321913E-017
1772	9.89928543510699E-017
1773	9.86974672250232E-017
1774	9.83986921035299E-017
1775	9.80965409947342E-017
1776	9.7793016765781E-017
1777	9.74861359634702E-017
1778	9.7175910484208E-017
1779	9.68623521836532E-017
1780	9.6547454841744E-017
1781	9.62292438193779E-017
1782	9.59077308621203E-017
1783	9.55849029781771E-017
1784	9.52587921036666E-017
1785	9.49294098752513E-017
1786	9.4598736564124E-017
1787	9.42648106491201E-017
1788	9.39296079329559E-017
1789	9.35911712420097E-017
1790	9.32514719257367E-017
1791	9.29085571437296E-017
1792	9.25643938073286E-017
1793	9.22189867319397E-017
1794	9.1870389555715E-017
1795	9.15186135788599E-017
1796	9.11675637001412E-017
1797	9.08133488438585E-017
1798	9.04579227080179E-017
1799	9.01012899865357E-017
1800	8.97434553569622E-017
1801	8.9382487453696E-017
1802	8.90222651229945E-017
1803	8.86589230804043E-017
1804	8.82963315496496E-017
1805	8.79306337901056E-017
1806	8.75637661070735E-017
1807	8.71976562495409E-017
1808	8.68284602397306E-017
1809	8.64600268706804E-017
1810	8.60885206380895E-017
1811	8.57177818126412E-017
1812	8.53458959343788E-017
1813	8.49747779637568E-017
1814	8.46006092702306E-017
1815	8.42272131750828E-017
1816	8.38526836226146E-017
1817	8.34789271218591E-017
1818	8.31059418024265E-017
1819	8.27299299778287E-017
1820	8.23565897741852E-017
1821	8.19821255831014E-017
1822	8.16065417783379E-017
1823	8.12317323119665E-017
1824	8.08576953151887E-017
1825	8.04825434693394E-017
1826	8.01100478909218E-017
1827	7.97364378739645E-017
1828	7.93635970162816E-017
1829	7.89896462461795E-017
1830	7.86183402065818E-017
1831	7.8245924660624E-017
1832	7.78742749817156E-017
1833	7.75052583667537E-017
1834	7.71351328675131E-017
1835	7.67657677318896E-017
1836	7.6399024071287E-017
1837	7.60311721658474E-017
1838	7.5665934053375E-017
1839	7.53014449979313E-017
1840	7.49395580529249E-017
1841	7.45765597197624E-017
1842	7.4216155902458E-017
1843	7.38564899841459E-017
1844	7.34994070123274E-017
1845	7.3143054414643E-017
1846	7.27892732599085E-017
1847	7.24362150070197E-017
1848	7.20838779313845E-017
1849	7.17340971529388E-017
1850	7.13868650028181E-017
1851	7.10403409629142E-017
1852	7.06963542426093E-017
1853	7.03530683156443E-017
1854	7.00123084636119E-017
1855	6.96740671185751E-017
1856	6.93383367364051E-017
1857	6.90032887450562E-017
1858	6.86707406177494E-017
1859	6.83406848717949E-017
1860	6.80131140480029E-017
1861	6.76880207106005E-017
1862	6.7365397447149E-017
1863	6.70434275245981E-017
1864	6.6725724204973E-017
1865	6.64104688580468E-017
1866	6.60976541639039E-017
1867	6.57854712242613E-017
1868	6.54775178954381E-017
1869	6.51719833937906E-017
1870	6.48688604906296E-017
1871	6.45681419798704E-017
1872	6.42716126707234E-017
1873	6.39756795040573E-017
1874	6.36839174203059E-017
1875	6.3394527319403E-017
1876	6.31075021162359E-017
1877	6.2822834747799E-017
1878	6.25422987367808E-017
1879	6.22623240426098E-017
1880	6.19882396855453E-017
1881	6.17147026909285E-017
1882	6.14452577884907E-017
1883	6.1178121285995E-017
1884	6.09150555345306E-017
1885	6.06542806671524E-017
1886	6.03957898431586E-017
1887	6.01413398670543E-017
1888	5.98909183388328E-017
1889	5.9640993112618E-017
1890	5.93968371272443E-017
1891	5.91531639881468E-017
1892	5.8913481208391E-017
1893	5.86777765547052E-017
1894	5.84425366017949E-017
1895	5.82130065782706E-017
1896	5.79856749670811E-017
1897	5.77605352010523E-017
1898	5.75393239794557E-017
1899	5.73202878596491E-017
1900	5.71051599229768E-017
1901	5.68921904544678E-017
1902	5.66831089287323E-017
1903	5.64779034465152E-017
1904	5.627482986623E-017
1905	5.60738818158433E-017
1906	5.587678158989E-017
1907	5.56835174196577E-017
1908	5.5492352547351E-017
1909	5.53050039157587E-017
1910	5.51197384412645E-017
1911	5.49382695097093E-017
1912	5.47588676999149E-017
1913	5.45832428517196E-017
1914	5.4409669194693E-017
1915	5.42381405926729E-017
1916	5.40703615827183E-017
1917	5.39063207150445E-017
1918	5.37442994858506E-017
1919	5.35859971622047E-017
1920	5.34296988562815E-017
1921	5.32753985692936E-017
1922	5.31247903141932E-017
1923	5.29761646014489E-017
1924	5.2831211957448E-017
1925	5.26882264800205E-017
1926	5.25488952196502E-017
1927	5.24115158501595E-017
1928	5.22760825251297E-017
1929	5.21442770969951E-017
1930	5.20160885112012E-017
1931	5.18881373719943E-017
1932	5.1763788038471E-017
1933	5.16413488365947E-017
1934	5.15224930109104E-017
1935	5.14055324184231E-017
1936	5.12904613786762E-017
1937	5.11772742286035E-017
1938	5.10659653224695E-017
1939	5.09581993543276E-017
1940	5.08522969482199E-017
1941	5.07482525180253E-017
1942	5.06460604946962E-017
1943	5.05473787802685E-017
1944	5.04488732210374E-017
1945	5.03538635017451E-017
1946	5.02606806748834E-017
1947	5.01693192637755E-017
1948	5.00797738084502E-017
1949	4.99920388655853E-017
1950	4.99061090084506E-017
1951	4.98219788268521E-017
1952	4.97396429270752E-017
1953	4.96590959318289E-017
1954	4.95803324801902E-017
1955	4.95033472275483E-017
1956	4.94281348455495E-017
1957	4.93530502768668E-017
1958	4.92813693899089E-017
1959	4.92098090833516E-017
1960	4.91400038308235E-017
1961	4.90703153125083E-017
1962	4.90040060812077E-017
1963	4.89378064434399E-017
1964	4.88733442480165E-017
1965	4.88106142952845E-017
1966	4.87479866309364E-017
1967	4.86870841595678E-017
1968	4.86262802505399E-017
1969	4.85688143466368E-017
1970	4.85098218382794E-017
1971	4.84541570777285E-017
1972	4.83969653333697E-017
1973	4.83430911264585E-017
1974	4.82876895732625E-017
1975	4.823559539384E-017
1976	4.81819735223798E-017
1977	4.81300421625744E-017
1978	4.80781911502015E-017
1979	4.80280238210299E-017
1980	4.79779332740326E-017
1981	4.79279193534338E-017
1982	4.78795805542876E-017
1983	4.78297178091906E-017
1984	4.77815266577456E-017
1985	4.77334083026018E-017
1986	4.76853625972142E-017
1987	4.76389800124349E-017
1988	4.75910775689835E-017
1989	4.75448347608833E-017
1990	4.74986608332471E-017
1991	4.74509714147398E-017
1992	4.74049364256323E-017
1993	4.73589699030861E-017
1994	4.73130717106206E-017
1995	4.72672417120959E-017
1996	4.72199034630101E-017
1997	4.71742110231914E-017
1998	4.71285863685597E-017
1999	4.70814577821911E-017
2000	4.70343998533733E-017
2001	4.69874124409324E-017
2002	4.69404954040468E-017
2003	4.6892083289188E-017
2004	4.68437443921135E-017
2005	4.67954785660475E-017
2006	4.67472856645808E-017
2007	4.66976064602576E-017
2008	4.66480029930056E-017
2009	4.65984751105597E-017
2010	4.65474682289695E-017
2011	4.64965397191194E-017
2012	4.64456894229753E-017
2013	4.63933673794122E-017
2014	4.63395780459858E-017
2015	4.62874193253968E-017
2016	4.62322508597556E-017
2017	4.61771690029202E-017
2018	4.61221735787521E-017
2019	4.6065723803422E-017
2020	4.60093631590086E-017
2021	4.59515539027159E-017
2022	4.58923004136408E-017
2023	4.58331415811058E-017
2024	4.57725442036793E-017
2025	4.57120441225062E-017
2026	4.56485811715581E-017
2027	4.55867496282922E-017
2028	4.55219638575954E-017
2029	4.54572836080284E-017
2030	4.53911847009287E-017
2031	4.53236714192807E-017
2032	4.52562689968376E-017
2033	4.51874577365795E-017
2034	4.51172418900316E-017
2035	4.50471421795881E-017
2036	4.497412837564E-017
2037	4.49012361743949E-017
2038	4.48269533001948E-017
2039	4.47527944892729E-017
2040	4.46757413626058E-017
2041	4.45988176966218E-017
2042	4.45190110083259E-017
2043	4.44393391373627E-017
2044	4.43582986411418E-017
2045	4.42773953397051E-017
2046	4.41936284969875E-017
2047	4.41085053780113E-017
2048	4.40235273711071E-017
2049	4.39357025006368E-017
2050	4.38480279713168E-017
2051	4.37590105476528E-017
2052	4.3668654279194E-017
2053	4.35769632035385E-017
2054	4.3483941346373E-017
2055	4.33895927215106E-017
2056	4.32954070013374E-017
2057	4.3199899618029E-017
2058	4.3101591771412E-017
2059	4.30034544439048E-017
2060	4.29040073702086E-017
2061	4.2803254499972E-017
2062	4.26997227321431E-017
2063	4.25963715025627E-017
2064	4.24917262537305E-017
2065	4.23857908890394E-017
2066	4.22800406269919E-017
2067	4.21715352719674E-017
2068	4.20617514446471E-017
2069	4.19506930027575E-017
2070	4.18398294398608E-017
2071	4.1726231882039E-017
2072	4.16128340368537E-017
2073	4.14981740759296E-017
2074	4.13822558068571E-017
2075	4.12650830260696E-017
2076	4.11466595188796E-017
2077	4.10269890595148E-017
2078	4.09075297976789E-017
2079	4.07853753140378E-017
2080	4.06634367284128E-017
2081	4.05402633905594E-017
2082	4.04158590258361E-017
2083	4.02902273487136E-017
2084	4.01633720628104E-017
2085	4.00367415005139E-017
2086	3.99074486802518E-017
2087	3.97783851720283E-017
2088	3.96481100027695E-017
2089	3.9516626828294E-017
2090	3.93839392937607E-017
2091	3.92514873965451E-017
2092	3.91178356526672E-017
2093	3.89829876814104E-017
2094	3.88469470915196E-017
2095	3.87111483657017E-017
2096	3.85741614778655E-017
2097	3.84359900111967E-017
2098	3.8296637538462E-017
2099	3.8157533059416E-017
2100	3.80172519748872E-017
2101	3.78772205578785E-017
2102	3.77360169140365E-017
2103	3.7593644576099E-017
2104	3.74515257386902E-017
2105	3.73082425474101E-017
2106	3.71637985100991E-017
2107	3.70196117605182E-017
2108	3.68742684670739E-017
2109	3.67291840678743E-017
2110	3.6582947405623E-017
2111	3.6435561949044E-017
2112	3.62884391043361E-017
2113	3.61415783241196E-017
2114	3.59935737770263E-017
2115	3.58444289031448E-017
2116	3.56955497633703E-017
2117	3.55469358044929E-017
2118	3.53971864910355E-017
2119	3.52477038976644E-017
2120	3.50984874696877E-017
2121	3.4948140626765E-017
2122	3.47966667623972E-017
2123	3.46468560575013E-017
2124	3.44959198431373E-017
2125	3.43452522722594E-017
2126	3.41934633174864E-017
2127	3.40419445042879E-017
2128	3.38906952723666E-017
2129	3.37397150628147E-017
2130	3.35876190608126E-017
2131	3.34357935646223E-017
2132	3.32842380140014E-017
2133	3.31329518500943E-017
2134	3.29805554413982E-017
2135	3.28298076711488E-017
2136	3.26779511242089E-017
2137	3.2526364315834E-017
2138	3.23750466886295E-017
2139	3.22239976865773E-017
2140	3.20732167550319E-017
2141	3.19227033407166E-017
2142	3.17710880972641E-017
2143	3.16211093398935E-017
2144	3.14713964463087E-017
2145	3.13219488686709E-017
2146	3.11727660604906E-017
2147	3.10224850486452E-017
2148	3.0873831413251E-017
2149	3.07254409141299E-017
2150	3.05773130101521E-017
2151	3.04294471615173E-017
2152	3.02818428297508E-017
2153	3.01344994776997E-017
2154	2.99887701587938E-017
2155	2.98419459043343E-017
2156	2.96967321074845E-017
2157	2.95517746523056E-017
2158	2.94070730134133E-017
2159	2.92626266667096E-017
2160	2.91197811708828E-017
2161	2.89758425961702E-017
2162	2.88348449363464E-017
2163	2.86927531687351E-017
2164	2.85522527280334E-017
2165	2.84119995152888E-017
2166	2.82719930255776E-017
2167	2.8133570156337E-017
2168	2.79953905375817E-017
2169	2.78574536731871E-017
2170	2.77210927748898E-017
2171	2.75849711861445E-017
2172	2.74490884195285E-017
2173	2.73147740162681E-017
2174	2.71806950178177E-017
2175	2.704685094536E-017
2176	2.69145676847186E-017
2177	2.67838411055053E-017
2178	2.66520192300998E-017
2179	2.65230733820328E-017
2180	2.639303131061E-017
2181	2.6265857063944E-017
2182	2.61389047620287E-017
2183	2.60121739551714E-017
2184	2.58869808613088E-017
2185	2.57633214190155E-017
2186	2.56398773189407E-017
2187	2.55166481256201E-017
2188	2.53949452625434E-017
2189	2.52747647022159E-017
2190	2.5154792964577E-017
2191	2.50363378968624E-017
2192	2.49180884236838E-017
2193	2.48013500145694E-017
2194	2.46861186863739E-017
2195	2.45710869607611E-017
2196	2.44575567552375E-017
2197	2.4344222979636E-017
2198	2.42323851898518E-017
2199	2.41207406773327E-017
2200	2.40118842317542E-017
2201	2.39019191631168E-017
2202	2.3794734325911E-017
2203	2.36877341710652E-017
2204	2.3582211212761E-017
2205	2.3478161565222E-017
2206	2.33742908114419E-017
2207	2.32718879661141E-017
2208	2.31709491699389E-017
2209	2.30701835344508E-017
2210	2.29708765890007E-017
2211	2.28730245005451E-017
2212	2.27753398947041E-017
2213	2.26791048295548E-017
2214	2.25843154980924E-017
2215	2.24909681035115E-017
2216	2.23977799360944E-017
2217	2.230475067901E-017
2218	2.2214433252576E-017
2219	2.21242695046466E-017
2220	2.20355334495053E-017
2221	2.19469481690807E-017
2222	2.18597853912922E-017
2223	2.17740413859601E-017
2224	2.16897124328672E-017
2225	2.16055262217511E-017
2226	2.15240173914762E-017
2227	2.14413798648704E-017
2228	2.13614123387403E-017
2229	2.128157962496E-017
2230	2.12031443762475E-017
2231	2.11261029321679E-017
2232	2.10504516420361E-017
2233	2.09749273364335E-017
2234	2.0899529765371E-017
2235	2.08267732310013E-017
2236	2.07541384366681E-017
2237	2.06816251431865E-017
2238	2.06117409280841E-017
2239	2.05419732589086E-017
2240	2.04723219071524E-017
2241	2.04052877526162E-017
2242	2.03383649998031E-017
2243	2.02715534307567E-017
2244	2.02061000411689E-017
2245	2.01420012822796E-017
2246	2.00792536147336E-017
2247	2.00166096227948E-017
2248	1.99553118839294E-017
2249	1.9895356882407E-017
2250	1.98355005401254E-017
2251	1.97769821351158E-017
2252	1.97197981750798E-017
2253	1.96627079061301E-017
2254	1.96057111464812E-017
2255	1.9550042792337E-017
2256	1.94956993794326E-017
2257	1.94414445625125E-017
2258	1.93885099687854E-017
2259	1.93368921569964E-017
2260	1.92841284552219E-017
2261	1.92339075615392E-017
2262	1.91837679020869E-017
2263	1.91337093203931E-017
2264	1.90849569400697E-017
2265	1.90375073610275E-017
2266	1.89901340738661E-017
2267	1.89428369321272E-017
2268	1.88980577147086E-017
2269	1.88521301610871E-017
2270	1.88074949822023E-017
2271	1.87641488184999E-017
2272	1.8720871651173E-017
2273	1.86788789464948E-017
2274	1.86357383083689E-017
2275	1.85950931979374E-017
2276	1.85545122968047E-017
2277	1.85139954828662E-017
2278	1.84735426342977E-017
2279	1.84343628366935E-017
2280	1.83952446411623E-017
2281	1.83573950189444E-017
2282	1.83196046505379E-017
2283	1.8281873423837E-017
2284	1.82454051468306E-017
2285	1.820899368149E-017
2286	1.81726389206214E-017
2287	1.81375415213612E-017
2288	1.8102498514597E-017
2289	1.80675097979896E-017
2290	1.80337728901588E-017
2291	1.79988914027346E-017
2292	1.79664549652216E-017
2293	1.79328737532561E-017
2294	1.79005376941648E-017
2295	1.78682511631482E-017
2296	1.78360140676219E-017
2297	1.78050166492564E-017
2298	1.77728771122723E-017
2299	1.77419749999811E-017
2300	1.77111198906336E-017
2301	1.76803116967239E-017
2302	1.76495503309437E-017
2303	1.76200198473006E-017
2304	1.75893508491881E-017
2305	1.75599105073439E-017
2306	1.75305145981291E-017
2307	1.74999829998971E-017
2308	1.74718557484352E-017
2309	1.74425926438424E-017
2310	1.74133736436505E-017
2311	1.73853746250444E-017
2312	1.73562425722223E-017
2313	1.73283283073276E-017
2314	1.73004557944785E-017
2315	1.72714530573678E-017
2316	1.72436648295657E-017
2317	1.72159181222334E-017
2318	1.71882128589612E-017
2319	1.71605489635098E-017
2320	1.71329263598107E-017
2321	1.71053449719651E-017
2322	1.70778047242439E-017
2323	1.70491416977053E-017
2324	1.70216845048767E-017
2325	1.69942682247062E-017
2326	1.69657319383542E-017
2327	1.69383982557959E-017
2328	1.69111052599526E-017
2329	1.6882695020501E-017
2330	1.6855484168043E-017
2331	1.68271579076994E-017
2332	1.67988740173615E-017
2333	1.6771786308988E-017
2334	1.67435859373675E-017
2335	1.67154277044161E-017
2336	1.66873115329409E-017
2337	1.66592373459207E-017
2338	1.66312050665054E-017
2339	1.66032146180156E-017
2340	1.65741189260927E-017
2341	1.65462128895992E-017
2342	1.65172034136605E-017
2343	1.64882374163691E-017
2344	1.64593148181448E-017
2345	1.64304355395838E-017
2346	1.64004583618564E-017
2347	1.63705262895327E-017
2348	1.63406392400115E-017
2349	1.63107971308751E-017
2350	1.62809998798881E-017
2351	1.62512474049977E-017
2352	1.6220404298211E-017
2353	1.61896077331457E-017
2354	1.61588576246061E-017
2355	1.61281538875852E-017
2356	1.60974964372641E-017
2357	1.60668851890116E-017
2358	1.60351905014308E-017
2359	1.60035437617204E-017
2360	1.597194488216E-017
2361	1.59392670863786E-017
2362	1.59077646183417E-017
2363	1.58751849644083E-017
2364	1.58426547228512E-017
2365	1.58090509216365E-017
2366	1.57754982498149E-017
2367	1.57419966138072E-017
2368	1.57085459202409E-017
2369	1.56751460759494E-017
2370	1.56406788382121E-017
2371	1.56062641496142E-017
2372	1.55707856486584E-017
2373	1.5536476710579E-017
2374	1.55011056469649E-017
2375	1.54657886241361E-017
2376	1.54305255432604E-017
2377	1.53953163057235E-017
2378	1.53590501724332E-017
2379	1.53228395525272E-017
2380	1.52866843445131E-017
2381	1.52494766028357E-017
2382	1.52134328448114E-017
2383	1.5176338208493E-017
2384	1.51393004340608E-017
2385	1.51012152854966E-017
2386	1.50631886415345E-017
2387	1.50252203952664E-017
2388	1.49873104400193E-017
2389	1.49483582307333E-017
2390	1.49094659407926E-017
2391	1.48706334607621E-017
2392	1.48307630008162E-017
2393	1.4790953966683E-017
2394	1.47512062462001E-017
2395	1.47115197274511E-017
2396	1.46718942987652E-017
2397	1.46312367417501E-017
2398	1.45906418747942E-017
2399	1.45501095835418E-017
2400	1.45096397538873E-017
2401	1.44681428033906E-017
2402	1.44277984623717E-017
2403	1.43864285847973E-017
2404	1.43451225227531E-017
2405	1.43027943116568E-017
2406	1.42605314883405E-017
2407	1.42183339336956E-017
2408	1.41762015288736E-017
2409	1.41341341552856E-017
2410	1.40910503462519E-017
2411	1.40480331253315E-017
2412	1.4005082371366E-017
2413	1.39611193016905E-017
2414	1.39183020125184E-017
2415	1.38744739510235E-017
2416	1.38307136555497E-017
2417	1.37870210029386E-017
2418	1.37433958703003E-017
2419	1.36987648164497E-017
2420	1.36552752428305E-017
2421	1.36107812747051E-017
2422	1.35663561055233E-017
2423	1.35230693888941E-017
2424	1.34777116648974E-017
2425	1.34334921445849E-017
2426	1.33893409254774E-017
2427	1.33441916279921E-017
2428	1.32991121403375E-017
2429	1.3254102336039E-017
2430	1.32091620888963E-017
2431	1.3164291272983E-017
2432	1.31184278856918E-017
2433	1.30736964280853E-017
2434	1.30279738915332E-017
2435	1.29823220249306E-017
2436	1.2937799093747E-017
2437	1.28922873157296E-017
2438	1.28468458262154E-017
2439	1.28014744982491E-017
2440	1.2755118278487E-017
2441	1.27098877578334E-017
2442	1.26647270184448E-017
2443	1.26196359344612E-017
2444	1.25746143802945E-017
2445	1.25286116133013E-017
2446	1.24837296017852E-017
2447	1.24378678429102E-017
2448	1.23931248707289E-017
2449	1.23474036135366E-017
2450	1.23027991795435E-017
2451	1.22572179197757E-017
2452	1.22117068965059E-017
2453	1.21662659834389E-017
2454	1.21208950545516E-017
2455	1.20755939840915E-017
2456	1.20314038758172E-017
2457	1.19862412988181E-017
2458	1.19411482056417E-017
2459	1.18961244716108E-017
2460	1.18511699723161E-017
2461	1.18073215870917E-017
2462	1.17625043430423E-017
2463	1.17187912834957E-017
2464	1.16741108043453E-017
2465	1.16305325852774E-017
2466	1.15859883827759E-017
2467	1.15425445210654E-017
2468	1.14991672395402E-017
2469	1.14558564192095E-017
2470	1.14126119413373E-017
2471	1.13684050586807E-017
2472	1.13252937424181E-017
2473	1.12822484129161E-017
2474	1.12392689524509E-017
2475	1.11963552435502E-017
2476	1.11545316483865E-017
2477	1.11117482643386E-017
2478	1.10690302819389E-017
2479	1.10273995865268E-017
2480	1.09848112343813E-017
2481	1.09433082912813E-017
2482	1.09018686426605E-017
2483	1.08604921760078E-017
2484	1.08201966714943E-017
2485	1.07789454133004E-017
2486	1.07387732575927E-017
2487	1.0697646764623E-017
2488	1.06575975193746E-017
2489	1.06176091580787E-017
2490	1.05786945666568E-017
2491	1.05388268367729E-017
2492	1.04990196687805E-017
2493	1.04602835132276E-017
2494	1.04216060852097E-017
2495	1.03829872808759E-017
2496	1.03444269965946E-017
2497	1.03059251289538E-017
2498	1.02674815747596E-017
2499	1.02301019429852E-017
2500	1.01917739027269E-017
2501	1.01545079730218E-017
2502	1.01172983424846E-017
2503	1.00811474126256E-017
2504	1.00440492825531E-017
2505	1.00081081465385E-017
2506	9.97222115832731E-018
2507	9.93658808365285E-018
2508	9.90120834952703E-018
2509	9.86608138430415E-018
2510	9.83120661767744E-018
2511	9.79668309310372E-018
2512	9.76231093880927E-018
2513	9.7281892802835E-018
2514	9.69431755253997E-018
2515	9.6606951919137E-018
2516	9.62732163605764E-018
2517	9.59409718576113E-018
2518	9.5612196363712E-018
2519	9.52858921248984E-018
2520	9.49620535700749E-018
2521	9.46406751411537E-018
2522	9.43217512930209E-018
2523	9.4007249839637E-018
2524	9.36942028979617E-018
2525	9.33855626418005E-018
2526	9.30793502398013E-018
2527	9.27755602195341E-018
2528	9.24751698960414E-018
2529	9.21781714916768E-018
2530	9.18835760251615E-018
2531	9.15923585271855E-018
2532	9.13025519265443E-018
2533	9.10161109535972E-018
2534	9.0732049785933E-018
2535	9.04503630604347E-018
2536	9.01710454264581E-018
2537	8.98950673614742E-018
2538	8.96194960926644E-018
2539	8.93482280328916E-018
2540	8.90783327400397E-018
2541	8.88107799723558E-018
2542	8.85465364347851E-018
2543	8.82846233533847E-018
2544	8.80260059328934E-018
2545	8.7769706957437E-018
2546	8.75157212047135E-018
2547	8.72650116342741E-018
2548	8.70175707690645E-018
2549	8.67724244980961E-018
2550	8.65305335461526E-018
2551	8.62909253490856E-018
2552	8.60535947647798E-018
2553	8.58185366630257E-018
2554	8.55867087964239E-018
2555	8.53561795631935E-018
2556	8.51279074938966E-018
2557	8.49018875056377E-018
2558	8.46781145272736E-018
2559	8.44565834993833E-018
2560	8.42363310105916E-018
2561	8.40183118847506E-018
2562	8.38025210947968E-018
2563	8.35889536252734E-018
2564	8.33776044723005E-018
2565	8.31684686435453E-018
2566	8.29615411581919E-018
2567	8.27568170469122E-018
2568	8.25552437548278E-018
2569	8.23549107883429E-018
2570	8.21577172789585E-018
2571	8.19617557205232E-018
2572	8.17689223060203E-018
2573	8.15773125097125E-018
2574	8.13878716239316E-018
2575	8.12005947701863E-018
2576	8.1014530583434E-018
2577	8.08306221739545E-018
2578	8.06479196642272E-018
2579	8.0466420415671E-018
2580	8.02870653614517E-018
2581	8.01079640126216E-018
2582	7.99310001508703E-018
2583	7.97561689739952E-018
2584	7.9581584396195E-018
2585	7.94091258418714E-018
2586	7.92387885367404E-018
2587	7.90686907827391E-018
2588	7.89016454044367E-018
2589	7.87357714463479E-018
2590	7.85710663451597E-018
2591	7.8408463115914E-018
2592	7.82470221911557E-018
2593	7.80867410274861E-018
2594	7.79285504974723E-018
2595	7.7771513220814E-018
2596	7.76156266738675E-018
2597	7.7460888338709E-018
2598	7.73063651644012E-018
2599	7.71529866147335E-018
2600	7.7000750186378E-018
2601	7.6849653381674E-018
2602	7.66987660281417E-018
2603	7.65480877769241E-018
2604	7.63994707924321E-018
2605	7.62501338257645E-018
2606	7.61028531713278E-018
2607	7.59557759778416E-018
2608	7.58098253250017E-018
2609	7.5664076042523E-018
2610	7.552037180285E-018
2611	7.53768654418255E-018
2612	7.52344772236122E-018
2613	7.5092284819912E-018
2614	7.49512070907205E-018
2615	7.48112416041597E-018
2616	7.46714681542058E-018
2617	7.45318864233184E-018
2618	7.43934124727596E-018
2619	7.42551282090361E-018
2620	7.41170333189069E-018
2621	7.39782132077619E-018
2622	7.3840496824721E-018
2623	7.37029688784951E-018
2624	7.3564716865331E-018
2625	7.34266540575781E-018
2626	7.32896909476579E-018
2627	7.31520049225088E-018
2628	7.30145071697372E-018
2629	7.28771973793039E-018
2630	7.27409832782284E-018
2631	7.26040477948219E-018
2632	7.24672993481149E-018
2633	7.23316435993311E-018
2634	7.21952676162401E-018
2635	7.20590777497099E-018
2636	7.19239776022093E-018
2637	7.17872551439062E-018
2638	7.1651621794934E-018
2639	7.15152714884541E-018
2640	7.1379107141722E-018
2641	7.12422279601555E-018
2642	7.11055354916348E-018
2643	7.09681303025204E-018
2644	7.08309125744347E-018
2645	7.06920864631137E-018
2646	7.05534499121783E-018
2647	7.04150026109476E-018
2648	7.02749527777398E-018
2649	7.01359893386041E-018
2650	6.99954268007658E-018
2651	6.98550563207316E-018
2652	6.97148775840151E-018
2653	6.95739979134398E-018
2654	6.94324190123993E-018
2655	6.92910335999932E-018
2656	6.91498413596614E-018
2657	6.9007062617451E-018
2658	6.88644790927981E-018
2659	6.87212021250852E-018
2660	6.8578121072467E-018
2661	6.84334616011221E-018
2662	6.82890000697428E-018
2663	6.81429648044496E-018
2664	6.79971294915178E-018
2665	6.78506094576552E-018
2666	6.77025226829205E-018
2667	6.75537558352713E-018
2668	6.74051929276276E-018
2669	6.72550702302059E-018
2670	6.71051534481748E-018
2671	6.6953681487932E-018
2672	6.68024174062649E-018
2673	6.66504818018687E-018
2674	6.6497876307845E-018
2675	6.63446025535392E-018
2676	6.61906621645496E-018
2677	6.60369332001954E-018
2678	6.58816637493898E-018
2679	6.57257325190397E-018
2680	6.55700155965974E-018
2681	6.541276498346E-018
2682	6.52548574125261E-018
2683	6.50962944834257E-018
2684	6.49370777921166E-018
2685	6.47772089308935E-018
2686	6.46158189133804E-018
2687	6.44537811950895E-018
2688	6.42910973552137E-018
2689	6.41286376032604E-018
2690	6.39646655977311E-018
2691	6.37991848437337E-018
2692	6.36339322371466E-018
2693	6.34680413507923E-018
2694	6.33015137422679E-018
2695	6.31343509656029E-018
2696	6.29665545712678E-018
2697	6.27981261061834E-018
2698	6.26299299632157E-018
2699	6.24593791337532E-018
2700	6.22890637025793E-018
2701	6.21181223530173E-018
2702	6.19465566143712E-018
2703	6.17743680124484E-018
2704	6.16006990443404E-018
2705	6.14272699142455E-018
2706	6.12523647205747E-018
2707	6.10777011209791E-018
2708	6.09015657437624E-018
2709	6.07248178479552E-018
2710	6.05474589330335E-018
2711	6.03694904950497E-018
2712	6.01909140266411E-018
2713	6.00125843533727E-018
2714	5.9832795659801E-018
2715	5.96532554738173E-018
2716	5.94731119402301E-018
2717	5.92923665368054E-018
2718	5.91118709381641E-018
2719	5.89299255897497E-018
2720	5.87482317359265E-018
2721	5.856509231603E-018
2722	5.83822060699087E-018
2723	5.81987255066834E-018
2724	5.80146520827709E-018
2725	5.78299872512738E-018
2726	5.76447324619892E-018
2727	5.74588891614161E-018
2728	5.72724587927646E-018
2729	5.7085442795963E-018
2730	5.68986853513922E-018
2731	5.67113439148318E-018
2732	5.6524261428964E-018
2733	5.63365965810058E-018
2734	5.61483507986504E-018
2735	5.59603651721244E-018
2736	5.57726392819485E-018
2737	5.55834958308257E-018
2738	5.53954515555015E-018
2739	5.52068297691629E-018
2740	5.50176318861996E-018
2741	5.4828695312236E-018
2742	5.46391842417261E-018
2743	5.44499348574798E-018
2744	5.42601125706692E-018
2745	5.40697187837252E-018
2746	5.3879587849262E-018
2747	5.36888869975662E-018
2748	5.34984493651258E-018
2749	5.33066122556698E-018
2750	5.31158704697928E-018
2751	5.29253918426333E-018
2752	5.27343466258004E-018
2753	5.25427362044337E-018
2754	5.2352218204598E-018
2755	5.2161962878366E-018
2756	5.19719698045298E-018
2757	5.17822385626882E-018
2758	5.15919430111382E-018
2759	5.14027347736525E-018
2760	5.12137871111339E-018
2761	5.10250996063931E-018
2762	5.08358485104318E-018
2763	5.06468579317716E-018
2764	5.04581274536733E-018
2765	5.0268835112912E-018
2766	5.00806241827227E-018
2767	4.98918517467166E-018
2768	4.97025191689264E-018
2769	4.95142661620598E-018
2770	4.93254533673021E-018
2771	4.91377181313834E-018
2772	4.89502408661079E-018
2773	4.87622043452272E-018
2774	4.85760586021032E-018
2775	4.83893527826414E-018
2776	4.82037183428824E-018
2777	4.80191531140426E-018
2778	4.78348410543335E-018
2779	4.76507817606872E-018
2780	4.74686002451372E-018
2781	4.72858562318609E-018
2782	4.71041741533078E-018
2783	4.69227409060707E-018
2784	4.67415560946625E-018
2785	4.65606193243468E-018
2786	4.63799302011364E-018
2787	4.62002969623261E-018
2788	4.60201013744815E-018
2789	4.58409597282977E-018
2790	4.56612561113102E-018
2791	4.54826044987008E-018
2792	4.53041970313883E-018
2793	4.51268384830826E-018
2794	4.49505267391535E-018
2795	4.47744556804379E-018
2796	4.45994283599636E-018
2797	4.44254426745392E-018
2798	4.42524965253852E-018
2799	4.40797861050885E-018
2800	4.39089133221809E-018
2801	4.37390738049606E-018
2802	4.35702654721934E-018
2803	4.34016868200873E-018
2804	4.32349351999563E-018
2805	4.30676119710374E-018
2806	4.29013139196607E-018
2807	4.27360389826462E-018
2808	4.25701919351362E-018
2809	4.24053661564189E-018
2810	4.22407641429261E-018
2811	4.20771804262416E-018
2812	4.19138186404668E-018
2813	4.17514721906187E-018
2814	4.15893458460299E-018
2815	4.14282318875394E-018
2816	4.1268920345654E-018
2817	4.11098245004161E-018
2818	4.09525258940461E-018
2819	4.07962304431681E-018
2820	4.06417259519913E-018
2821	4.04882194710322E-018
2822	4.03357089954869E-018
2823	4.01849806664248E-018
2824	4.00352432297375E-018
2825	3.98857076685643E-018
2826	3.9737946605989E-018
2827	3.95903845627058E-018
2828	3.94438065851609E-018
2829	3.92974258948773E-018
2830	3.91512421834984E-018
2831	3.90060388376669E-018
2832	3.88610307492307E-018
2833	3.87170002018005E-018
2834	3.85731631984009E-018
2835	3.84310824068228E-018
2836	3.82891923521688E-018
2837	3.81482731206947E-018
2838	3.80091026001721E-018
2839	3.78708979163214E-018
2840	3.77344358689412E-018
2841	3.75997128816978E-018
2842	3.74659477451068E-018
2843	3.73339156321223E-018
2844	3.7203612987055E-018
2845	3.70742602598782E-018
2846	3.69458555451473E-018
2847	3.68183969413645E-018
2848	3.66911081828929E-018
2849	3.65655366556687E-018
2850	3.64393589942833E-018
2851	3.63148947852012E-018
2852	3.61898239244731E-018
2853	3.60656910925958E-018
2854	3.59417232941875E-018
2855	3.58186908500248E-018
2856	3.56958218502102E-018
2857	3.55746550377169E-018
2858	3.54536490113966E-018
2859	3.53343403664786E-018
2860	3.52159577473523E-018
2861	3.50992666481277E-018
2862	3.49842636105662E-018
2863	3.48709451836131E-018
2864	3.47593079233818E-018
2865	3.46485831859108E-018
2866	3.45395338164317E-018
2867	3.44313922506092E-018
2868	3.43241566694522E-018
2869	3.42178252577171E-018
2870	3.41116336601143E-018
2871	3.40063436746924E-018
2872	3.39019534957345E-018
2873	3.37969394164613E-018
2874	3.36920632377598E-018
2875	3.35880846423656E-018
2876	3.34834831024726E-018
2877	3.33797776686635E-018
2878	3.32769665491478E-018
2879	3.31750479558151E-018
2880	3.30740201042269E-018
2881	3.29738812136082E-018
2882	3.28753857148187E-018
2883	3.27785302611367E-018
2884	3.26825563530577E-018
2885	3.25889715003765E-018
2886	3.24962625799069E-018
2887	3.24051814305363E-018
2888	3.2314971668661E-018
2889	3.22256315506257E-018
2890	3.21371593363487E-018
2891	3.20495532893135E-018
2892	3.19620606882928E-018
2893	3.18746813608665E-018
2894	3.17874151349287E-018
2895	3.16995124057958E-018
2896	3.16117234696495E-018
2897	3.15247965523698E-018
2898	3.14372341678706E-018
2899	3.13497850595092E-018
2900	3.12631959067622E-018
